0.4235673
0.4294157
0.4352642
0.4382753
0.4412865
0.4442976
0.4468263
0.4493549
0.4500165
0.4506781
0.4508723
0.4510665
0.4512607
0.4513018
0.451343
0.4508303
0.4503176
0.4501319
0.4499462
0.4497605
0.4499078
0.450055
0.4500671
0.4500792
0.4499332
0.4497873
0.4496413
0.4497331
0.4498248
0.4495411
0.4492573
1.808047
3.166836
4.525626
4.715327
4.905027
4.929566
4.954104
4.772843
4.591581
4.410319
4.40325
4.39618
4.376433
4.356688
4.351892
4.347096
4.363526
4.379957
4.396388
4.179872
3.963356
4.113118
4.262879
4.306057
4.349235
4.392412
4.396798
4.401183
4.40211
4.403036
4.403328
4.40362
4.403912
4.404252
4.404592
4.404937
4.405282
4.432069
4.458855
4.485641
4.444001
4.40236
4.394523
4.386685
4.354567
4.322448
4.29033
4.287832
4.285335
4.28416
4.282985
4.281715
4.280446
4.279176
4.232246
4.185317
4.221069
4.256821
4.265465
4.274109
4.282753
4.282957
4.283161
4.305806
4.328451
4.311396
4.294341
4.277286
4.275917
4.274548
4.274278
4.274008
4.273382
4.272757
4.272436
4.272114
4.271793
4.271237
4.270681
4.270765
4.270849
4.270792
4.270736
4.270679
4.271111
4.271542
4.375906
4.480269
4.510018
4.539768
4.569518
4.404747
4.239976
4.202841
4.165706
4.212885
4.260065
4.307244
4.311087
4.314929
4.315546
4.316163
4.289902
4.263641
4.237381
4.22958
4.221781
4.226829
4.231876
4.23384
4.235804
4.237768
4.237828
4.237887
4.237571
4.237255
4.236787
4.236319
4.235851
4.235011
4.23417
4.229099
4.224028
4.222985
4.221942
4.2209
4.221074
4.221249
4.221432
4.221615
4.22182
4.222025
4.22223
4.213699
4.205168
4.20391
4.202652
4.208057
4.213463
4.218868
4.220559
4.222249
4.223226
4.224203
4.224285
4.224367
4.18299
4.141613
4.100237
4.114669
4.129102
4.149048
4.168994
4.334752
4.500509
4.666266
4.483053
4.299839
4.451749
4.603658
4.480806
4.357954
4.235102
4.221977
4.208853
4.24245
4.276048
4.251022
4.225996
4.200971
4.388863
4.576754
4.613336
4.649918
4.587534
4.52515
4.462767
4.355526
4.248286
4.217593
4.1869
4.178789
4.170678
4.162566
4.135205
4.107843
4.106504
4.105165
4.218644
4.332123
4.445602
4.397118
4.348635
4.341061
4.333488
4.331738
4.329988
4.328238
4.372326
4.416414
4.541614
4.666813
4.555309
4.443806
4.332302
4.235464
4.138625
4.283481
4.428336
4.394998
4.361659
4.328321
4.255498
4.182676
4.172338
4.162
4.134196
4.106392
4.11935
4.132308
4.145266
2.722409
1.299551
0.99956
0.699569
0.61244
0.5253112
0.4381822
0.4290071
0.419832
0.41982
0.419808
1.566092
2.712376
3.85866
3.955354
4.052048
4.100902
4.149755
2.985362
1.820969
0.6565754
2.006144
3.355711
3.605353
3.854994
3.914592
3.97419
4.033788
4.038542
4.043297
4.056811
4.070325
4.073928
4.07753
4.081133
4.0813
4.081467
4.081435
4.081402
4.081142
4.080884
4.080624
4.09696
4.113295
4.139525
4.165754
4.171957
4.178161
4.184364
4.183157
4.18195
4.181638
4.181325
4.182988
4.184651
4.186315
4.187057
4.1878
4.188116
4.188431
4.186998
4.185565
4.201196
4.216827
4.232458
4.234537
4.236615
4.237053
4.237492
4.225973
4.214455
4.202936
4.201565
4.200195
4.199092
4.197989
4.29153
4.38507
4.47861
4.488122
4.497633
4.442795
4.387957
4.372674
4.35739
4.342107
4.341076
4.340046
4.345674
4.351301
4.352937
4.354572
4.356207
4.358232
4.360258
4.359571
4.358883
4.311559
4.264236
4.216912
4.25309
4.289268
4.291428
4.293587
3.067129
1.840671
0.6142128
0.5600871
0.5059615
1.887923
3.269886
2.360227
1.450568
0.5409093
2.117618
3.694327
3.921876
4.149426
4.202467
4.255509
4.308552
4.309206
4.30986
4.309897
4.309934
3.02918
1.748426
2.535319
3.322212
4.109106
4.20559
4.302074
4.327738
4.353402
3.160707
1.968013
0.7753179
2.146008
3.516698
3.800873
4.085047
4.166561
4.248074
4.329588
2.825617
1.321645
1.008832
0.6960196
0.6094997
0.5229777
0.4364557
0.4275208
0.4185858
0.4170091
0.4154325
0.4148166
0.4142008
0.4135849
0.4139535
0.4143222
0.4146217
0.4149213
0.4137036
0.4124859
0.4112682
0.4155176
0.4197669
0.4202515
0.4207362
0.4211523
0.4215684
0.4219845
0.4220723
0.42216
0.4298245
0.437489
0.4394875
0.441486
0.4434845
0.4434397
0.4433949
0.4454507
0.4475064
0.4568419
0.4661775
0.475513
0.4762757
0.4770384
0.4690033
0.460968
0.4591818
0.4573956
0.4556093
0.4561629
0.4567164
0.457842
0.4589675
0.4593753
0.459783
0.4599313
0.4600796
0.460228
0.4622699
0.4643118
0.4643349
0.464358
0.4645431
0.4647281
0.4649131
0.4652252
0.4655372
0.4654966
0.4654561
0.4656634
0.4658707
0.466078
0.5236666
0.5812551
0.5923005
0.6033458
0.5734283
0.5435109
0.5135934
0.5530818
0.59257
0.6000699
0.6075698
0.6088482
0.6101267
0.6114051
0.5660192
0.5206334
0.5130751
0.5055168
0.5035398
0.5015628
0.4995858
0.4981776
0.4967693
0.4979076
0.4990459
0.4988128
0.4985797
0.4983467
0.4988506
0.4993546
0.4999143
0.5004739
0.5006841
0.5008944
0.5011047
0.5013478
0.5015909
0.5014806
0.5013704
0.5083979
0.5154254
0.522453
0.5226137
0.5227745
0.5224982
0.5222219
0.5223846
0.5225473
0.52271
0.522852
0.522994
0.5234141
0.5238343
0.5403978
0.5569612
0.5617387
0.566516
0.5712935
0.5718938
0.5724942
0.57247
0.5724458
0.5723892
0.5723326
0.5722761
0.5726418
0.5730075
0.5712923
0.5695771
0.5693332
0.5690893
0.5688454
0.5580091
0.547173
0.5539343
0.5606958
0.562273
0.5638503
0.5654275
0.5722374
0.5790473
0.5797713
0.5804954
0.5815533
0.5826113
0.5836693
0.5812534
0.5788375
0.5803593
0.5818812
0.5827888
0.5836963
0.5846038
0.557345
0.5300862
0.5192164
0.5083467
0.504023
0.4996993
0.4953756
0.4653127
0.4352498
0.4289331
0.4226162
0.4220622
0.4215082
0.4209542
0.4663067
0.5116593
0.4800288
0.4483983
0.4416553
0.4349123
0.4281693
0.4282896
0.4284098
0.42838
0.4283501
0.427504
0.4266579
0.4269405
0.4272231
0.4275058
0.4931492
0.5587927
0.5537459
0.5486992
0.5470653
0.5454314
0.5437976
0.5435291
0.5432606
0.500993
0.4587253
0.4458157
0.432906
0.4199963
0.4186488
0.4173012
0.416883
0.4164647
0.4157439
0.4150232
0.4143025
0.4148734
0.4154443
0.4160385
0.4166327
0.4589739
0.5013151
0.5436564
0.5454368
0.5472172
0.5484616
0.5497059
0.5504265
0.5511472
0.5518678
0.5257493
0.4996308
0.4924165
0.4852022
0.5060866
0.5269711
0.5478556
0.5858216
0.6237876
0.6286638
0.63354
0.5789307
0.5243214
0.4697121
2.060871
3.65203
3.875075
4.09812
4.150916
4.203712
4.256508
4.257379
4.25825
4.25858
4.258909
2.983301
1.707693
2.448937
3.190181
3.931425
4.006251
4.081078
4.102223
4.123369
4.129892
4.136416
4.142939
4.134764
4.126589
2.870198
1.613808
2.323869
3.03393
3.743991
-0.1871214
-4.118234
-1.634301
0.8496323
1.806362
2.763093
3.719822
3.879339
4.038856
2.779851
1.520848
1.140084
0.7593196
0.3785557
0.3941852
0.4098149
0.4813716
0.5529284
0.6244851
0.6960419
0.7675987
0.8391554
0.9107122
0.982269
1.053826
1.125383
1.196939
1.268496
1.340053
1.41161
1.483166
1.554723
1.62628
1.697837
1.769393
1.84095
1.912507
1.984064
2.05562
2.127177
2.198734
2.270291
2.341848
2.413404
2.484961
2.556518
2.628075
2.699631
2.771188
2.842745
2.914302
2.985858
3.057415
3.128972
3.200529
3.272085
3.343642
3.415199
3.486756
3.558312
3.629869
3.701426
3.772983
3.84454
3.916096
3.987653
4.05921
4.130767
4.202323
4.223647
4.24497
4.266294
4.26871
4.271125
4.273083
4.275041
3.097701
1.92036
0.7430193
0.6623225
0.5816257
0.5672987
0.5529716
0.5490981
0.5452245
0.541351
0.5404481
0.5395452
0.5391877
0.5388303
0.5383227
0.5378151
0.5373075
0.5361755
0.5350435
0.5291034
0.5231633
0.5170652
0.510967
0.5048689
0.5048879
0.504907
0.5050079
0.5051088
0.5051579
0.5052071
0.5052563